MainStreetUSA 420 360 20 4 1
Adventureland 240 340 85 100 1
NewOrleansSquare 140 260 80 74 1
CenterCountry 80 180 65 55 1
Frontierland 290 200 70 55 1
Tomorrowland 550 230 80 65 1
Fantasyland 460 180 85 80 1
Mickey'sToontown 470 40 90 80 1
SubCar 280 100 15 18 1
SubShip 230 240 20 30 1
SubShield 430 80 16 35 1
SubCamp 380 200 13 20 1
SubStone 380 260 20 25 1
SubGate 380 380 5 10 1
SubFountain 620 200 10 6 1
Station1 720 200 0 0 1
Station2 110 290 0 0 1
Station3 420 380 0 0 1
Fall 550 180 28 20 1
UFO 620 280 28 25 1
Gate 420 420 18 4 1
Cross1 277 77 0 0 0
Cross2 90 142 0 0 0
Cross3 128 192 0 0 0
Cross4 120 216 0 0 0
Cross5 270 118 0 0 0
Cross6 244 155 0 0 0
Cross7 330 220 0 0 0
Cross8 246 266 0 0 0
Cross9 280 280 0 0 0
Cross10 237 314 0 0 0
Cross11 222 377 0 0 0
Cross12 420 400 0 0 0
Cross13 607 378 0 0 0
Cross14 688 303 0 0 0
Cross15 723 253 0 0 0
Cross16 617 252 0 0 0
Cross17 431 254 0 0 0
Cross18 390 240 0 0 0
Cross19 452 201 0 0 0
Cross20 396 143 0 0 0
Cross21 384 122 0 0 0
Cross22 474 134 0 0 0
Cross23 503 167 0 0 0
Cross24 577 170 0 0 0
Cross25 709 136 0 0 0
Cross26 651 98 0 0 0
Cross27 595 83 0 0 0
Cross28 594 97 0 0 0
Cross29 538 105 0 0 0
Cross30 488 80 0 0 0
Cross31 390 400 0 0 0
Cross32 460 400 0 0 0